timestamp,device_id,load_core_0,malicious
1759299869,server-attacker.bnsdq.ozxfs.rzona-owcwb.kvugl,2.9702970297009643,0
1759299875,server-attacker.bnsdq.ozxfs.rzona-owcwb.kvugl,14.000000000003638,0
1759299881,server-attacker.bnsdq.ozxfs.rzona-owcwb.kvugl,8.000000000000455,0
1759299887,server-attacker.bnsdq.ozxfs.rzona-owcwb.kvugl,4.9504950495016065,0
1759299893,server-attacker.bnsdq.ozxfs.rzona-owcwb.kvugl,27.272727272730407,0
1759299899,server-attacker.bnsdq.ozxfs.rzona-owcwb.kvugl,16.16161616161651,0
1759299905,server-attacker.bnsdq.ozxfs.rzona-owcwb.kvugl,3.0303030303066842,0
1759299911,server-attacker.bnsdq.ozxfs.rzona-owcwb.kvugl,0.9999999999990905,0
1759299917,server-attacker.bnsdq.ozxfs.rzona-owcwb.kvugl,15.999999999996817,0
1759299923,server-attacker.bnsdq.ozxfs.rzona-owcwb.kvugl,3.960396039599502,0
1759299929,server-attacker.bnsdq.ozxfs.rzona-owcwb.kvugl,12.000000000000455,0
1759299935,server-attacker.bnsdq.ozxfs.rzona-owcwb.kvugl,24.752475247530548,0
1759299941,server-attacker.bnsdq.ozxfs.rzona-owcwb.kvugl,6.99999999999045,0
1759299947,server-attacker.bnsdq.ozxfs.rzona-owcwb.kvugl,17.00000000000159,0
1759299953,server-attacker.bnsdq.ozxfs.rzona-owcwb.kvugl,23.46938775510926,0
1759299959,server-attacker.bnsdq.ozxfs.rzona-owcwb.kvugl,100,0
1759299965,server-attacker.bnsdq.ozxfs.rzona-owcwb.kvugl,99.9999999999713,0
1759299971,server-attacker.bnsdq.ozxfs.rzona-owcwb.kvugl,99.99999999998344,0
1759299977,server-attacker.bnsdq.ozxfs.rzona-owcwb.kvugl,100,0
1759299983,server-attacker.bnsdq.ozxfs.rzona-owcwb.kvugl,100,0
1759299989,server-attacker.bnsdq.ozxfs.rzona-owcwb.kvugl,99.99999999996943,0
1759299995,server-attacker.bnsdq.ozxfs.rzona-owcwb.kvugl,1.999999999998181,0
1759300001,server-attacker.bnsdq.ozxfs.rzona-owcwb.kvugl,2.0408163265287182,0
1759300007,server-attacker.bnsdq.ozxfs.rzona-owcwb.kvugl,0,0
1759300013,server-attacker.bnsdq.ozxfs.rzona-owcwb.kvugl,2.0202020201997004,0
1759300019,server-attacker.bnsdq.ozxfs.rzona-owcwb.kvugl,17.999999999994998,0
1759300025,server-attacker.bnsdq.ozxfs.rzona-owcwb.kvugl,0,0
1759300031,server-attacker.bnsdq.ozxfs.rzona-owcwb.kvugl,20.408163265304584,0
1759300037,server-attacker.bnsdq.ozxfs.rzona-owcwb.kvugl,4.999999999997726,0
1759300043,server-attacker.bnsdq.ozxfs.rzona-owcwb.kvugl,4.950495049505006,0
1759300049,server-attacker.bnsdq.ozxfs.rzona-owcwb.kvugl,18.999999999996817,0
1759300055,server-attacker.bnsdq.ozxfs.rzona-owcwb.kvugl,20.000000000002274,0
1759300061,server-attacker.bnsdq.ozxfs.rzona-owcwb.kvugl,16.83168316830914,0
1759300067,server-attacker.bnsdq.ozxfs.rzona-owcwb.kvugl,8.910891089110137,0
1759300073,server-attacker.bnsdq.ozxfs.rzona-owcwb.kvugl,3.030303030305292,0
1759300079,server-attacker.bnsdq.ozxfs.rzona-owcwb.kvugl,11.458333333333828,0
1759300085,server-attacker.bnsdq.ozxfs.rzona-owcwb.kvugl,12.371134020621577,0
1759300091,server-attacker.bnsdq.ozxfs.rzona-owcwb.kvugl,22.222222222229878,0
1759300097,server-attacker.bnsdq.ozxfs.rzona-owcwb.kvugl,18.750000000002963,0
1759300103,server-attacker.bnsdq.ozxfs.rzona-owcwb.kvugl,16.504854368930378,0
1759300109,server-attacker.bnsdq.ozxfs.rzona-owcwb.kvugl,6.122448979594915,0
1759300115,server-attacker.bnsdq.ozxfs.rzona-owcwb.kvugl,14.851485148515017,0
1759300121,server-attacker.bnsdq.ozxfs.rzona-owcwb.kvugl,18.556701030932366,0
1759300127,server-attacker.bnsdq.ozxfs.rzona-owcwb.kvugl,24.742268041243154,0
1759300133,server-attacker.bnsdq.ozxfs.rzona-owcwb.kvugl,4.123711340207213,0
1759300139,server-attacker.bnsdq.ozxfs.rzona-owcwb.kvugl,16.66666666666864,0
1759300145,server-attacker.bnsdq.ozxfs.rzona-owcwb.kvugl,10.679611650484686,0
1759300151,server-attacker.bnsdq.ozxfs.rzona-owcwb.kvugl,2.061855670101643,0
1759300157,server-attacker.bnsdq.ozxfs.rzona-owcwb.kvugl,10.891089108915516,0
1759300163,server-attacker.bnsdq.ozxfs.rzona-owcwb.kvugl,24.24242424241363,0
1759300168,server-attacker.bnsdq.ozxfs.rzona-owcwb.kvugl,27.722772277241543,1
1759300169,server-attacker.bnsdq.ozxfs.rzona-owcwb.kvugl,2.061855670101643,0
1759300174,server-attacker.bnsdq.ozxfs.rzona-owcwb.kvugl,14.182642754077861,1
1759300180,server-attacker.bnsdq.ozxfs.rzona-owcwb.kvugl,11.216494845369692,1
1759300186,server-attacker.bnsdq.ozxfs.rzona-owcwb.kvugl,13.01130113012362,1
1759300192,server-attacker.bnsdq.ozxfs.rzona-owcwb.kvugl,100.0,1
1759300198,server-attacker.bnsdq.ozxfs.rzona-owcwb.kvugl,100.0,1
1759300204,server-attacker.bnsdq.ozxfs.rzona-owcwb.kvugl,100.0,1
1759300210,server-attacker.bnsdq.ozxfs.rzona-owcwb.kvugl,100.0,1
1759300216,server-attacker.bnsdq.ozxfs.rzona-owcwb.kvugl,100.0,1
1759300222,server-attacker.bnsdq.ozxfs.rzona-owcwb.kvugl,100.0,1
1759300228,server-attacker.bnsdq.ozxfs.rzona-owcwb.kvugl,100.0,1
1759300234,server-attacker.bnsdq.ozxfs.rzona-owcwb.kvugl,28.765957446822615,1
1759300240,server-attacker.bnsdq.ozxfs.rzona-owcwb.kvugl,34.41176470588524,1
1759300246,server-attacker.bnsdq.ozxfs.rzona-owcwb.kvugl,20.202020202023682,1
1759300252,server-attacker.bnsdq.ozxfs.rzona-owcwb.kvugl,17.26641414142032,1
1759300258,server-attacker.bnsdq.ozxfs.rzona-owcwb.kvugl,24.242424242414327,1
1759300264,server-attacker.bnsdq.ozxfs.rzona-owcwb.kvugl,4.2105263157904185,1
1759300270,server-attacker.bnsdq.ozxfs.rzona-owcwb.kvugl,100.0,1
1759300276,server-attacker.bnsdq.ozxfs.rzona-owcwb.kvugl,100.0,1
1759300282,server-attacker.bnsdq.ozxfs.rzona-owcwb.kvugl,100.0,1
1759300288,server-attacker.bnsdq.ozxfs.rzona-owcwb.kvugl,100.0,1
1759300294,server-attacker.bnsdq.ozxfs.rzona-owcwb.kvugl,100.0,1
1759300300,server-attacker.bnsdq.ozxfs.rzona-owcwb.kvugl,100.0,1
1759300306,server-attacker.bnsdq.ozxfs.rzona-owcwb.kvugl,100.0,1
1759300312,server-attacker.bnsdq.ozxfs.rzona-owcwb.kvugl,100.0,1
1759300318,server-attacker.bnsdq.ozxfs.rzona-owcwb.kvugl,100.0,1
1759300324,server-attacker.bnsdq.ozxfs.rzona-owcwb.kvugl,100.0,1
1759300330,server-attacker.bnsdq.ozxfs.rzona-owcwb.kvugl,100.0,1
1759300336,server-attacker.bnsdq.ozxfs.rzona-owcwb.kvugl,100.0,1
1759300342,server-attacker.bnsdq.ozxfs.rzona-owcwb.kvugl,100.0,1
1759300348,server-attacker.bnsdq.ozxfs.rzona-owcwb.kvugl,100.0,1
1759300354,server-attacker.bnsdq.ozxfs.rzona-owcwb.kvugl,100.0,1
1759300360,server-attacker.bnsdq.ozxfs.rzona-owcwb.kvugl,100.0,1
1759300366,server-attacker.bnsdq.ozxfs.rzona-owcwb.kvugl,100.0,1
1759300372,server-attacker.bnsdq.ozxfs.rzona-owcwb.kvugl,100,1
1759300378,server-attacker.bnsdq.ozxfs.rzona-owcwb.kvugl,100.0,1
1759300384,server-attacker.bnsdq.ozxfs.rzona-owcwb.kvugl,100.0,1
1759300390,server-attacker.bnsdq.ozxfs.rzona-owcwb.kvugl,100,1
1759300396,server-attacker.bnsdq.ozxfs.rzona-owcwb.kvugl,100.0,1
1759300402,server-attacker.bnsdq.ozxfs.rzona-owcwb.kvugl,100.0,1
1759300408,server-attacker.bnsdq.ozxfs.rzona-owcwb.kvugl,99.99999999998863,1
1759300414,server-attacker.bnsdq.ozxfs.rzona-owcwb.kvugl,100.0,1
1759300420,server-attacker.bnsdq.ozxfs.rzona-owcwb.kvugl,100.0,1
1759300426,server-attacker.bnsdq.ozxfs.rzona-owcwb.kvugl,100,1
1759300432,server-attacker.bnsdq.ozxfs.rzona-owcwb.kvugl,100.0,1
1759300438,server-attacker.bnsdq.ozxfs.rzona-owcwb.kvugl,100.0,1
1759300444,server-attacker.bnsdq.ozxfs.rzona-owcwb.kvugl,100.0,1
1759300450,server-attacker.bnsdq.ozxfs.rzona-owcwb.kvugl,100.0,1
1759300456,server-attacker.bnsdq.ozxfs.rzona-owcwb.kvugl,100.0,1
1759300462,server-attacker.bnsdq.ozxfs.rzona-owcwb.kvugl,100.0,1
1759300468,server-attacker.bnsdq.ozxfs.rzona-owcwb.kvugl,100.0,1
1759300474,server-attacker.bnsdq.ozxfs.rzona-owcwb.kvugl,100,1
1759300480,server-attacker.bnsdq.ozxfs.rzona-owcwb.kvugl,100.0,1
1759300486,server-attacker.bnsdq.ozxfs.rzona-owcwb.kvugl,100.0,1
1759300492,server-attacker.bnsdq.ozxfs.rzona-owcwb.kvugl,100.0,1
1759300498,server-attacker.bnsdq.ozxfs.rzona-owcwb.kvugl,100.0,1
1759300504,server-attacker.bnsdq.ozxfs.rzona-owcwb.kvugl,100.0,1
1759300510,server-attacker.bnsdq.ozxfs.rzona-owcwb.kvugl,100,1
1759300516,server-attacker.bnsdq.ozxfs.rzona-owcwb.kvugl,100.0,1
1759300522,server-attacker.bnsdq.ozxfs.rzona-owcwb.kvugl,100.0,1
1759300528,server-attacker.bnsdq.ozxfs.rzona-owcwb.kvugl,100.0,1
1759300534,server-attacker.bnsdq.ozxfs.rzona-owcwb.kvugl,100.0,1
1759300540,server-attacker.bnsdq.ozxfs.rzona-owcwb.kvugl,100.0,1
1759300547,server-attacker.bnsdq.ozxfs.rzona-owcwb.kvugl,100.0,1
1759300553,server-attacker.bnsdq.ozxfs.rzona-owcwb.kvugl,100.0,1
1759300559,server-attacker.bnsdq.ozxfs.rzona-owcwb.kvugl,100.0,1
1759300565,server-attacker.bnsdq.ozxfs.rzona-owcwb.kvugl,100.0,1
1759300571,server-attacker.bnsdq.ozxfs.rzona-owcwb.kvugl,100.0,1
1759300577,server-attacker.bnsdq.ozxfs.rzona-owcwb.kvugl,100,1
1759300583,server-attacker.bnsdq.ozxfs.rzona-owcwb.kvugl,100.0,1
1759300589,server-attacker.bnsdq.ozxfs.rzona-owcwb.kvugl,100.0,1
1759300595,server-attacker.bnsdq.ozxfs.rzona-owcwb.kvugl,100.0,1
1759300601,server-attacker.bnsdq.ozxfs.rzona-owcwb.kvugl,100.0,1
1759300607,server-attacker.bnsdq.ozxfs.rzona-owcwb.kvugl,100.0,1
1759300613,server-attacker.bnsdq.ozxfs.rzona-owcwb.kvugl,100,1
1759300619,server-attacker.bnsdq.ozxfs.rzona-owcwb.kvugl,100.0,1
1759300625,server-attacker.bnsdq.ozxfs.rzona-owcwb.kvugl,100.0,1
1759300631,server-attacker.bnsdq.ozxfs.rzona-owcwb.kvugl,100.0,1
1759300637,server-attacker.bnsdq.ozxfs.rzona-owcwb.kvugl,100.0,1
1759300643,server-attacker.bnsdq.ozxfs.rzona-owcwb.kvugl,100.0,1
1759300649,server-attacker.bnsdq.ozxfs.rzona-owcwb.kvugl,100.0,1
1759300655,server-attacker.bnsdq.ozxfs.rzona-owcwb.kvugl,100.0,1
1759300661,server-attacker.bnsdq.ozxfs.rzona-owcwb.kvugl,100.0,1
1759300667,server-attacker.bnsdq.ozxfs.rzona-owcwb.kvugl,100.0,1
1759300673,server-attacker.bnsdq.ozxfs.rzona-owcwb.kvugl,100.0,1
1759300679,server-attacker.bnsdq.ozxfs.rzona-owcwb.kvugl,100.0,1
1759300685,server-attacker.bnsdq.ozxfs.rzona-owcwb.kvugl,100.0,1
1759300691,server-attacker.bnsdq.ozxfs.rzona-owcwb.kvugl,100.0,1
1759300697,server-attacker.bnsdq.ozxfs.rzona-owcwb.kvugl,100,1
1759300703,server-attacker.bnsdq.ozxfs.rzona-owcwb.kvugl,100.0,1
1759300709,server-attacker.bnsdq.ozxfs.rzona-owcwb.kvugl,100.0,1
1759300715,server-attacker.bnsdq.ozxfs.rzona-owcwb.kvugl,36.87128712871635,1
1759300721,server-attacker.bnsdq.ozxfs.rzona-owcwb.kvugl,16.102040816325893,1
1759300727,server-attacker.bnsdq.ozxfs.rzona-owcwb.kvugl,24.851485148513667,1
1759300733,server-attacker.bnsdq.ozxfs.rzona-owcwb.kvugl,16.080808080795236,1
1759300739,server-attacker.bnsdq.ozxfs.rzona-owcwb.kvugl,6.000000000006594,1
1759300745,server-attacker.bnsdq.ozxfs.rzona-owcwb.kvugl,13.999999999992951,1
1759300751,server-attacker.bnsdq.ozxfs.rzona-owcwb.kvugl,38.00000000002183,1
1759300757,server-attacker.bnsdq.ozxfs.rzona-owcwb.kvugl,27.272727272724662,1
1759300763,server-attacker.bnsdq.ozxfs.rzona-owcwb.kvugl,1.980198019799751,1
1759300769,server-attacker.bnsdq.ozxfs.rzona-owcwb.kvugl,29.14141414142314,1
1759300775,server-attacker.bnsdq.ozxfs.rzona-owcwb.kvugl,6.960396039626922,1
1759300781,server-attacker.bnsdq.ozxfs.rzona-owcwb.kvugl,0,1
1759300787,server-attacker.bnsdq.ozxfs.rzona-owcwb.kvugl,29.96039603958677,1
1759300793,server-attacker.bnsdq.ozxfs.rzona-owcwb.kvugl,21.999999999987267,1
1759300799,server-attacker.bnsdq.ozxfs.rzona-owcwb.kvugl,0,1
1759300805,server-attacker.bnsdq.ozxfs.rzona-owcwb.kvugl,7.0303030302977305,1
1759300811,server-attacker.bnsdq.ozxfs.rzona-owcwb.kvugl,6.061224489788985,1
1759300817,server-attacker.bnsdq.ozxfs.rzona-owcwb.kvugl,7.000000000016371,1
1759300823,server-attacker.bnsdq.ozxfs.rzona-owcwb.kvugl,20.151515151511646,1
1759300829,server-attacker.bnsdq.ozxfs.rzona-owcwb.kvugl,30.272727272728723,1
1759300835,server-attacker.bnsdq.ozxfs.rzona-owcwb.kvugl,52.00000000002001,1
1759300841,server-attacker.bnsdq.ozxfs.rzona-owcwb.kvugl,100.0,1
1759300847,server-attacker.bnsdq.ozxfs.rzona-owcwb.kvugl,100.0,1
1759300853,server-attacker.bnsdq.ozxfs.rzona-owcwb.kvugl,19.875222816413345,1
1759300859,server-attacker.bnsdq.ozxfs.rzona-owcwb.kvugl,26.30971835047098,1
1759300865,server-attacker.bnsdq.ozxfs.rzona-owcwb.kvugl,36.121212121216274,1
1759300871,server-attacker.bnsdq.ozxfs.rzona-owcwb.kvugl,21.040404040385795,1
1759300877,server-attacker.bnsdq.ozxfs.rzona-owcwb.kvugl,6.001212366131787,1
1759300883,server-attacker.bnsdq.ozxfs.rzona-owcwb.kvugl,1.0101010100998502,1
1759300889,server-attacker.bnsdq.ozxfs.rzona-owcwb.kvugl,32.851485148530514,1
1759300895,server-attacker.bnsdq.ozxfs.rzona-owcwb.kvugl,17.040816326518673,1
1759300901,server-attacker.bnsdq.ozxfs.rzona-owcwb.kvugl,20.315398886824596,1
1759300907,server-attacker.bnsdq.ozxfs.rzona-owcwb.kvugl,13.101010100995774,1
1759300913,server-attacker.bnsdq.ozxfs.rzona-owcwb.kvugl,8.132343846646915,1
1759300919,server-attacker.bnsdq.ozxfs.rzona-owcwb.kvugl,0,1
1759300925,server-attacker.bnsdq.ozxfs.rzona-owcwb.kvugl,4.061018346729366,1
1759300931,server-attacker.bnsdq.ozxfs.rzona-owcwb.kvugl,1.0101010100998502,0
1759300937,server-attacker.bnsdq.ozxfs.rzona-owcwb.kvugl,0,0
1759300943,server-attacker.bnsdq.ozxfs.rzona-owcwb.kvugl,3.999999999996362,0
1759300949,server-attacker.bnsdq.ozxfs.rzona-owcwb.kvugl,1.9999999999990903,0
1759300955,server-attacker.bnsdq.ozxfs.rzona-owcwb.kvugl,0,0
1759300961,server-attacker.bnsdq.ozxfs.rzona-owcwb.kvugl,2.970297029710883,0
1759300967,server-attacker.bnsdq.ozxfs.rzona-owcwb.kvugl,17.171717171708938,0
1759300973,server-attacker.bnsdq.ozxfs.rzona-owcwb.kvugl,10.000000000002274,0
1759300979,server-attacker.bnsdq.ozxfs.rzona-owcwb.kvugl,3.0303030302995504,0
1759300985,server-attacker.bnsdq.ozxfs.rzona-owcwb.kvugl,13.131313131315567,0
1759300992,server-attacker.bnsdq.ozxfs.rzona-owcwb.kvugl,3.999999999996362,0
1759300998,server-attacker.bnsdq.ozxfs.rzona-owcwb.kvugl,6.9999999999936335,0
1759301004,server-attacker.bnsdq.ozxfs.rzona-owcwb.kvugl,25.252525252530823,0
1759301010,server-attacker.bnsdq.ozxfs.rzona-owcwb.kvugl,16.000000000004093,0
1759301016,server-attacker.bnsdq.ozxfs.rzona-owcwb.kvugl,2.9999999999972715,0
1759301022,server-attacker.bnsdq.ozxfs.rzona-owcwb.kvugl,0,0
1759301028,server-attacker.bnsdq.ozxfs.rzona-owcwb.kvugl,14.141414141415881,0
1759301034,server-attacker.bnsdq.ozxfs.rzona-owcwb.kvugl,2.0202020202006286,0
1759301040,server-attacker.bnsdq.ozxfs.rzona-owcwb.kvugl,16.666666666655523,0
1759301046,server-attacker.bnsdq.ozxfs.rzona-owcwb.kvugl,3.960396039599502,0
1759301052,server-attacker.bnsdq.ozxfs.rzona-owcwb.kvugl,4.0816326530574365,0
1759301058,server-attacker.bnsdq.ozxfs.rzona-owcwb.kvugl,0,0
1759301064,server-attacker.bnsdq.ozxfs.rzona-owcwb.kvugl,5.0000000000045475,0
1759301070,server-attacker.bnsdq.ozxfs.rzona-owcwb.kvugl,4.9504950495016065,0
1759301076,server-attacker.bnsdq.ozxfs.rzona-owcwb.kvugl,22.222222222229878,0
1759301082,server-attacker.bnsdq.ozxfs.rzona-owcwb.kvugl,4.000000000005912,0
1759301088,server-attacker.bnsdq.ozxfs.rzona-owcwb.kvugl,14.999999999990903,0
1759301094,server-attacker.bnsdq.ozxfs.rzona-owcwb.kvugl,9.473684210514978,0
1759301100,server-attacker.bnsdq.ozxfs.rzona-owcwb.kvugl,10.000000000002274,0
1759301106,server-attacker.bnsdq.ozxfs.rzona-owcwb.kvugl,1.0204081632643591,0
1759301112,server-attacker.bnsdq.ozxfs.rzona-owcwb.kvugl,27.00000000000955,0
1759301118,server-attacker.bnsdq.ozxfs.rzona-owcwb.kvugl,3.0927835051641845,0
1759301124,server-attacker.bnsdq.ozxfs.rzona-owcwb.kvugl,2.083333333343202,0
1759301130,server-attacker.bnsdq.ozxfs.rzona-owcwb.kvugl,18.181818181808787,0
1759301136,server-attacker.bnsdq.ozxfs.rzona-owcwb.kvugl,5.208333333340241,0
1759301142,server-attacker.bnsdq.ozxfs.rzona-owcwb.kvugl,8.653846153834802,0
1759301148,server-attacker.bnsdq.ozxfs.rzona-owcwb.kvugl,20.202020202040732,0
1759301154,server-attacker.bnsdq.ozxfs.rzona-owcwb.kvugl,13.46153846153762,0
1759301160,server-attacker.bnsdq.ozxfs.rzona-owcwb.kvugl,5.102040816331028,0
1759301166,server-attacker.bnsdq.ozxfs.rzona-owcwb.kvugl,7.21649484536747,0
1759301172,server-attacker.bnsdq.ozxfs.rzona-owcwb.kvugl,6.122448979586155,0
1759301178,server-attacker.bnsdq.ozxfs.rzona-owcwb.kvugl,6.000000000005912,0
1759301184,server-attacker.bnsdq.ozxfs.rzona-owcwb.kvugl,21.428571428574745,0
1759301190,server-attacker.bnsdq.ozxfs.rzona-owcwb.kvugl,20.000000000004547,0
1759301196,server-attacker.bnsdq.ozxfs.rzona-owcwb.kvugl,13.402061855677836,0
1759301202,server-attacker.bnsdq.ozxfs.rzona-owcwb.kvugl,8.080808080798802,0
1759301208,server-attacker.bnsdq.ozxfs.rzona-owcwb.kvugl,14.583333333338267,0
1759301214,server-attacker.bnsdq.ozxfs.rzona-owcwb.kvugl,75.7281553398219,0
1759301220,server-attacker.bnsdq.ozxfs.rzona-owcwb.kvugl,100,0
1759301226,server-attacker.bnsdq.ozxfs.rzona-owcwb.kvugl,100,0
1759301232,server-attacker.bnsdq.ozxfs.rzona-owcwb.kvugl,15.306122448969885,0
1759301238,server-attacker.bnsdq.ozxfs.rzona-owcwb.kvugl,7.1428571428588,0
1759301244,server-attacker.bnsdq.ozxfs.rzona-owcwb.kvugl,5.05050505050157,0
1759301250,server-attacker.bnsdq.ozxfs.rzona-owcwb.kvugl,22.772277227719652,0
1759301256,server-attacker.bnsdq.ozxfs.rzona-owcwb.kvugl,8.080808080813997,0
1759301262,server-attacker.bnsdq.ozxfs.rzona-owcwb.kvugl,15.789473684211156,0
1759301268,server-attacker.bnsdq.ozxfs.rzona-owcwb.kvugl,10.784313725496533,0
1759301274,server-attacker.bnsdq.ozxfs.rzona-owcwb.kvugl,11.224489795914343,0
1759301280,server-attacker.bnsdq.ozxfs.rzona-owcwb.kvugl,6.930693069316626,0
1759301286,server-attacker.bnsdq.ozxfs.rzona-owcwb.kvugl,3.999999999996362,0
1759301292,server-attacker.bnsdq.ozxfs.rzona-owcwb.kvugl,14.999999999997726,0
1759301298,server-attacker.bnsdq.ozxfs.rzona-owcwb.kvugl,8.000000000004093,0
1759301304,server-attacker.bnsdq.ozxfs.rzona-owcwb.kvugl,16.161616161613146,0
1759301310,server-attacker.bnsdq.ozxfs.rzona-owcwb.kvugl,17.821782178209016,0
1759301316,server-attacker.bnsdq.ozxfs.rzona-owcwb.kvugl,8.163265306111086,0
1759301322,server-attacker.bnsdq.ozxfs.rzona-owcwb.kvugl,1.0101010101003143,0
1759301328,server-attacker.bnsdq.ozxfs.rzona-owcwb.kvugl,2.941176470586924,0
1759301334,server-attacker.bnsdq.ozxfs.rzona-owcwb.kvugl,15.151515151516195,0
1759301340,server-attacker.bnsdq.ozxfs.rzona-owcwb.kvugl,18.367346938790188,0
1759301346,server-attacker.bnsdq.ozxfs.rzona-owcwb.kvugl,0.9999999999990905,0
1759301352,server-attacker.bnsdq.ozxfs.rzona-owcwb.kvugl,16.000000000008185,0
1759301358,server-attacker.bnsdq.ozxfs.rzona-owcwb.kvugl,4.000000000007731,0
1759301364,server-attacker.bnsdq.ozxfs.rzona-owcwb.kvugl,0,0
1759301370,server-attacker.bnsdq.ozxfs.rzona-owcwb.kvugl,4.90196078431154,0
1759301376,server-attacker.bnsdq.ozxfs.rzona-owcwb.kvugl,11.224489795925944,0
1759301382,server-attacker.bnsdq.ozxfs.rzona-owcwb.kvugl,0,0
1759301388,server-attacker.bnsdq.ozxfs.rzona-owcwb.kvugl,4.000000000007731,0
1759301394,server-attacker.bnsdq.ozxfs.rzona-owcwb.kvugl,1.0204081632638857,0
1759301400,server-attacker.bnsdq.ozxfs.rzona-owcwb.kvugl,9.000000000003183,0
1759301406,server-attacker.bnsdq.ozxfs.rzona-owcwb.kvugl,4.1237113402013525,0
1759301412,server-attacker.bnsdq.ozxfs.rzona-owcwb.kvugl,27.450980392142437,0
1759301418,server-attacker.bnsdq.ozxfs.rzona-owcwb.kvugl,8.999999999991815,0
1759301424,server-attacker.bnsdq.ozxfs.rzona-owcwb.kvugl,3.0303030302981586,0
1759301430,server-attacker.bnsdq.ozxfs.rzona-owcwb.kvugl,0.9900990098998755,0
1759301436,server-attacker.bnsdq.ozxfs.rzona-owcwb.kvugl,17.171717171728307,0
1759301442,server-attacker.bnsdq.ozxfs.rzona-owcwb.kvugl,2.040816326539372,0
1759301448,server-attacker.bnsdq.ozxfs.rzona-owcwb.kvugl,12.121212121215255,0
1759301454,server-attacker.bnsdq.ozxfs.rzona-owcwb.kvugl,5.000000000006821,0
1759301460,server-attacker.bnsdq.ozxfs.rzona-owcwb.kvugl,1.999999999998181,0
1759301466,server-attacker.bnsdq.ozxfs.rzona-owcwb.kvugl,1.980198019799751,0
1759301472,server-attacker.bnsdq.ozxfs.rzona-owcwb.kvugl,5.999999999994543,0
1759301478,server-attacker.bnsdq.ozxfs.rzona-owcwb.kvugl,2.9999999999972715,0
1759301484,server-attacker.bnsdq.ozxfs.rzona-owcwb.kvugl,12.121212121215255,0
1759301490,server-attacker.bnsdq.ozxfs.rzona-owcwb.kvugl,6.930693069316626,0
1759301496,server-attacker.bnsdq.ozxfs.rzona-owcwb.kvugl,13.131313131314986,0
1759301502,server-attacker.bnsdq.ozxfs.rzona-owcwb.kvugl,9.999999999990905,0
1759301508,server-attacker.bnsdq.ozxfs.rzona-owcwb.kvugl,2.999999999994543,0
1759301514,server-attacker.bnsdq.ozxfs.rzona-owcwb.kvugl,4.950495049499378,0
1759301520,server-attacker.bnsdq.ozxfs.rzona-owcwb.kvugl,0.9999999999990905,0
1759301526,server-attacker.bnsdq.ozxfs.rzona-owcwb.kvugl,2.0408163265277715,0
1759301532,server-attacker.bnsdq.ozxfs.rzona-owcwb.kvugl,13.131313131314986,0
1759301538,server-attacker.bnsdq.ozxfs.rzona-owcwb.kvugl,9.000000000011369,0
1759301544,server-attacker.bnsdq.ozxfs.rzona-owcwb.kvugl,4.0404040403975445,0
1759301550,server-attacker.bnsdq.ozxfs.rzona-owcwb.kvugl,23.00000000000182,0
1759301556,server-attacker.bnsdq.ozxfs.rzona-owcwb.kvugl,10.204081632659927,0
1759301562,server-attacker.bnsdq.ozxfs.rzona-owcwb.kvugl,16.999999999995907,0
1759301568,server-attacker.bnsdq.ozxfs.rzona-owcwb.kvugl,0.9900990098998755,0
1759301574,server-attacker.bnsdq.ozxfs.rzona-owcwb.kvugl,14.141414141415881,0
1759301580,server-attacker.bnsdq.ozxfs.rzona-owcwb.kvugl,4.9999999999954525,0
1759301586,server-attacker.bnsdq.ozxfs.rzona-owcwb.kvugl,0,0
1759301592,server-attacker.bnsdq.ozxfs.rzona-owcwb.kvugl,13.131313131327053,0
1759301598,server-attacker.bnsdq.ozxfs.rzona-owcwb.kvugl,14.141414141427363,0
1759301604,server-attacker.bnsdq.ozxfs.rzona-owcwb.kvugl,1.0101010101003143,0
1759301610,server-attacker.bnsdq.ozxfs.rzona-owcwb.kvugl,4.9999999999954525,0
1759301616,server-attacker.bnsdq.ozxfs.rzona-owcwb.kvugl,3.999999999996362,0
1759301622,server-attacker.bnsdq.ozxfs.rzona-owcwb.kvugl,4.9999999999954525,0
1759301628,server-attacker.bnsdq.ozxfs.rzona-owcwb.kvugl,2.9999999999972715,0
1759301634,server-attacker.bnsdq.ozxfs.rzona-owcwb.kvugl,26.99999999999818,0
1759301640,server-attacker.bnsdq.ozxfs.rzona-owcwb.kvugl,9.900990098998756,0
1759301646,server-attacker.bnsdq.ozxfs.rzona-owcwb.kvugl,4,0
1759301652,server-attacker.bnsdq.ozxfs.rzona-owcwb.kvugl,3.960396039599502,0
1759301658,server-attacker.bnsdq.ozxfs.rzona-owcwb.kvugl,6.060606060596317,0
1759301664,server-attacker.bnsdq.ozxfs.rzona-owcwb.kvugl,15.306122448969885,0
1759301670,server-attacker.bnsdq.ozxfs.rzona-owcwb.kvugl,12.999999999999545,0
1759301676,server-attacker.bnsdq.ozxfs.rzona-owcwb.kvugl,8,0
1759301682,server-attacker.bnsdq.ozxfs.rzona-owcwb.kvugl,3.999999999996362,0
1759301688,server-attacker.bnsdq.ozxfs.rzona-owcwb.kvugl,13.131313131304085,0
1759301694,server-attacker.bnsdq.ozxfs.rzona-owcwb.kvugl,6.060606060601885,0
1759301700,server-attacker.bnsdq.ozxfs.rzona-owcwb.kvugl,16.16161616161651,0
1759301706,server-attacker.bnsdq.ozxfs.rzona-owcwb.kvugl,0,0
1759301712,server-attacker.bnsdq.ozxfs.rzona-owcwb.kvugl,15.841584158420522,0
1759301718,server-attacker.bnsdq.ozxfs.rzona-owcwb.kvugl,3.999999999996362,0
1759301724,server-attacker.bnsdq.ozxfs.rzona-owcwb.kvugl,2.0000000000095497,0
1759301730,server-attacker.bnsdq.ozxfs.rzona-owcwb.kvugl,11.111111111103455,0
1759301736,server-attacker.bnsdq.ozxfs.rzona-owcwb.kvugl,16.16161616161651,0
1759301742,server-attacker.bnsdq.ozxfs.rzona-owcwb.kvugl,0,0
1759301748,server-attacker.bnsdq.ozxfs.rzona-owcwb.kvugl,2.9999999999972715,0
1759301754,server-attacker.bnsdq.ozxfs.rzona-owcwb.kvugl,5.05050505049693,0
1759301760,server-attacker.bnsdq.ozxfs.rzona-owcwb.kvugl,0,0
1759301766,server-attacker.bnsdq.ozxfs.rzona-owcwb.kvugl,3.999999999996362,0
1759301772,server-attacker.bnsdq.ozxfs.rzona-owcwb.kvugl,25.99999999999909,0
1759301778,server-attacker.bnsdq.ozxfs.rzona-owcwb.kvugl,9.803921568634227,0
1759301784,server-attacker.bnsdq.ozxfs.rzona-owcwb.kvugl,4.901960784322686,0
1759301790,server-attacker.bnsdq.ozxfs.rzona-owcwb.kvugl,2.9999999999972715,0
1759301796,server-attacker.bnsdq.ozxfs.rzona-owcwb.kvugl,15.68627450981922,0
1759301802,server-attacker.bnsdq.ozxfs.rzona-owcwb.kvugl,3.999999999996362,0
1759301808,server-attacker.bnsdq.ozxfs.rzona-owcwb.kvugl,15.151515151513758,0
1759301814,server-attacker.bnsdq.ozxfs.rzona-owcwb.kvugl,14.141414141404399,0
1759301820,server-attacker.bnsdq.ozxfs.rzona-owcwb.kvugl,3.00000000000864,0
1759301826,server-attacker.bnsdq.ozxfs.rzona-owcwb.kvugl,0,0
1759301832,server-attacker.bnsdq.ozxfs.rzona-owcwb.kvugl,3.999999999996362,0
1759301838,server-attacker.bnsdq.ozxfs.rzona-owcwb.kvugl,100,0
1759301844,server-attacker.bnsdq.ozxfs.rzona-owcwb.kvugl,99.99999999996484,0
1759301850,server-attacker.bnsdq.ozxfs.rzona-owcwb.kvugl,33.66336633661828,0
